0.0000   +2.1909    0.0000   +2.6833    0.0000   +2.9665    0.0000
0.0675   +2.1818   +0.1474   +2.6738   +0.1807   +2.9567   +0.1998
0.1346   +2.1547   +0.2919   +2.6457   +0.3584   +2.9276   +0.3966
0.2015   +2.1104   +0.4312   +2.5995   +0.5311   +2.8798   +0.5884
0.2682   +2.0498   +0.5633   +2.5364   +0.6970   +2.8144   +0.7734
0.3345   +1.9743   +0.6863   +2.4575   +0.8542   +2.7325   +0.9498
0.4006   +1.8852   +0.7985   +2.3641   +1.0013   +2.6355   +1.1162
0.4665   +1.7843   +0.8985   +2.2579   +1.1370   +2.5248   +1.2714
0.5321   +1.6733   +0.9851   +2.1406   +1.2602   +2.4022   +1.4142
0.5974   +1.5543   +1.0575   +2.0140   +1.3703   +2.2694   +1.5441
0.6626   +1.4293   +1.1152   +1.8801   +1.4669   +2.1282   +1.6605
0.7275   +1.3003   +1.1578   +1.7406   +1.5497   +1.9804   +1.7633
0.7921   +1.1696   +1.1854   +1.5974   +1.6191   +1.8278   +1.8526
0.8566   +1.0390   +1.1986   +1.4524   +1.6754   +1.6721   +1.9288
0.9208   +0.9107   +1.1981   +1.3071   +1.7194   +1.5147   +1.9926
0.9849   +0.7865   +1.1851   +1.1630   +1.7523   +1.3571   +2.0448
1.0487   +0.6681   +1.1612   +1.0214   +1.7753   +1.2005   +2.0865
1.1123   +0.5569   +1.1284   +0.8833   +1.7898   +1.0458   +2.1189
1.1758   +0.4541   +1.0891   +0.7494   +1.7974   +0.8936   +2.1433
1.2391   +0.3604   +1.0461   +0.6200   +1.8000   +0.7444   +2.1611
1.3022   +0.2761   +1.0028   +0.4953   +1.7990   +0.5983   +2.1734
1.3651   +0.2009   +0.9626   +0.3748   +1.7962   +0.4552   +2.1817
1.4278   +0.1337   +0.9291   +0.2581   +1.7929   +0.3148   +2.1868
1.4904   +0.0729   +0.9058   +0.1442   +1.7902   +0.1763   +2.1897
1.5529   +0.0160   +0.8950   +0.0320   +1.7889   +0.0392   +2.1908
1.6152   -0.0399   +0.8979   -0.0795   +1.7893   -0.0973   +2.1905
1.6774   -0.0978   +0.9142   -0.1916   +1.7912   -0.2341   +2.1887
1.7394   -0.1603   +0.9418   -0.3054   +1.7943   -0.3719   +2.1850
1.8013   -0.2294   +0.9778   -0.4218   +1.7975   -0.5113   +2.1788
1.8630   -0.3065   +1.0188   -0.5415   +1.7997   -0.6527   +2.1693
1.9247   -0.3921   +1.0614   -0.6648   +1.7996   -0.7964   +2.1555
1.9862   -0.4862   +1.1023   -0.7921   +1.7956   -0.9423   +2.1363
2.0477   -0.5883   +1.1387   -0.9229   +1.7863   -1.0903   +2.1104
2.1090   -0.6974   +1.1682   -1.0569   +1.7703   -1.2399   +2.0769
2.1702   -0.8123   +1.1888   -1.1932   +1.7463   -1.3903   +2.0347
2.2314   -0.9317   +1.1991   -1.3310   +1.7130   -1.5408   +1.9829
2.2924   -1.0540   +1.1978   -1.4691   +1.6695   -1.6902   +1.9207
2.3534   -1.1776   +1.1841   -1.6063   +1.6152   -1.8373   +1.8475
2.4143   -1.3007   +1.1576   -1.7410   +1.5495   -1.9809   +1.7630
2.4752   -1.4217   +1.1181   -1.8719   +1.4722   -2.1196   +1.6670
2.5360   -1.5389   +1.0656   -1.9976   +1.3832   -2.2521   +1.5594
2.5967   -1.6506   +1.0005   -2.1165   +1.2829   -2.3769   +1.4407
2.6573   -1.7552   +0.9233   -2.2272   +1.1716   -2.4927   +1.3112
2.7180   -1.8513   +0.8348   -2.3285   +1.0499   -2.5983   +1.1716
2.7786   -1.9375   +0.7360   -2.4189   +0.9189   -2.6925   +1.0228
2.8391   -2.0126   +0.6280   -2.4975   +0.7793   -2.7741   +0.8657
2.8996   -2.0756   +0.5122   -2.5633   +0.6326   -2.8423   +0.7014
2.9602   -2.1255   +0.3899   -2.6153   +0.4798   -2.8961   +0.5313
3.0206   -2.1617   +0.2627   -2.6529   +0.3224   -2.9350   +0.3567
3.0811   -2.1836   +0.1322   -2.6757   +0.1620   -2.9586   +0.1791
3.1416   -2.1909    0.0000   -2.6833    0.0000   -2.9665    0.0000
3.2021   -2.1836   -0.1322   -2.6757   -0.1620   -2.9586   -0.1791
3.2625   -2.1617   -0.2627   -2.6529   -0.3224   -2.9350   -0.3567
3.3230   -2.1255   -0.3899   -2.6153   -0.4798   -2.8961   -0.5313
3.3835   -2.0756   -0.5122   -2.5633   -0.6326   -2.8423   -0.7014
3.4441   -2.0126   -0.6280   -2.4975   -0.7793   -2.7741   -0.8657
3.5046   -1.9375   -0.7360   -2.4189   -0.9189   -2.6925   -1.0228
3.5652   -1.8513   -0.8348   -2.3285   -1.0499   -2.5983   -1.1716
3.6258   -1.7552   -0.9233   -2.2272   -1.1716   -2.4927   -1.3112
3.6865   -1.6506   -1.0005   -2.1165   -1.2829   -2.3769   -1.4407
3.7472   -1.5389   -1.0656   -1.9976   -1.3832   -2.2521   -1.5594
3.8080   -1.4217   -1.1181   -1.8719   -1.4722   -2.1196   -1.6670
3.8689   -1.3007   -1.1576   -1.7410   -1.5495   -1.9809   -1.7630
3.9298   -1.1776   -1.1841   -1.6063   -1.6152   -1.8373   -1.8475
3.9907   -1.0540   -1.1978   -1.4691   -1.6695   -1.6902   -1.9207
4.0518   -0.9317   -1.1991   -1.3310   -1.7130   -1.5408   -1.9829
4.1130   -0.8123   -1.1888   -1.1932   -1.7463   -1.3903   -2.0347
4.1742   -0.6974   -1.1682   -1.0569   -1.7703   -1.2399   -2.0769
4.2355   -0.5883   -1.1387   -0.9229   -1.7863   -1.0903   -2.1104
4.2970   -0.4862   -1.1023   -0.7921   -1.7956   -0.9423   -2.1363
4.3585   -0.3921   -1.0614   -0.6648   -1.7996   -0.7964   -2.1555
4.4201   -0.3065   -1.0188   -0.5415   -1.7997   -0.6527   -2.1693
4.4819   -0.2294   -0.9778   -0.4218   -1.7975   -0.5113   -2.1788
4.5438   -0.1603   -0.9418   -0.3054   -1.7943   -0.3719   -2.1850
4.6058   -0.0978   -0.9142   -0.1916   -1.7912   -0.2341   -2.1887
4.6680   -0.0399   -0.8979   -0.0795   -1.7893   -0.0973   -2.1905
4.7303   +0.0160   -0.8950   +0.0320   -1.7889   +0.0392   -2.1908
4.7927   +0.0729   -0.9058   +0.1442   -1.7902   +0.1763   -2.1897
4.8553   +0.1337   -0.9291   +0.2581   -1.7929   +0.3148   -2.1868
4.9181   +0.2009   -0.9626   +0.3748   -1.7962   +0.4552   -2.1817
4.9810   +0.2761   -1.0028   +0.4953   -1.7990   +0.5983   -2.1734
5.0441   +0.3604   -1.0461   +0.6200   -1.8000   +0.7444   -2.1611
5.1074   +0.4541   -1.0891   +0.7494   -1.7974   +0.8936   -2.1433
5.1708   +0.5569   -1.1284   +0.8833   -1.7898   +1.0458   -2.1189
5.2345   +0.6681   -1.1612   +1.0214   -1.7753   +1.2005   -2.0865
5.2983   +0.7865   -1.1851   +1.1630   -1.7523   +1.3571   -2.0448
5.3624   +0.9107   -1.1981   +1.3071   -1.7194   +1.5147   -1.9926
5.4266   +1.0390   -1.1986   +1.4524   -1.6754   +1.6721   -1.9288
5.4911   +1.1696   -1.1854   +1.5974   -1.6191   +1.8278   -1.8526
5.5557   +1.3003   -1.1578   +1.7406   -1.5497   +1.9804   -1.7633
5.6206   +1.4293   -1.1152   +1.8801   -1.4669   +2.1282   -1.6605
5.6857   +1.5543   -1.0575   +2.0140   -1.3703   +2.2694   -1.5441
5.7511   +1.6733   -0.9851   +2.1406   -1.2602   +2.4022   -1.4142
5.8167   +1.7843   -0.8985   +2.2579   -1.1370   +2.5248   -1.2714
5.8825   +1.8852   -0.7985   +2.3641   -1.0013   +2.6355   -1.1162
5.9487   +1.9743   -0.6863   +2.4575   -0.8542   +2.7325   -0.9498
6.0150   +2.0498   -0.5633   +2.5364   -0.6970   +2.8144   -0.7734
6.0816   +2.1104   -0.4312   +2.5995   -0.5311   +2.8798   -0.5884
6.1485   +2.1547   -0.2919   +2.6457   -0.3584   +2.9276   -0.3966
6.2157   +2.1818   -0.1474   +2.6738   -0.1807   +2.9567   -0.1998
6.2832   +2.1909    0.0000   +2.6833    0.0000   +2.9665    0.0000
0.0000   +2.1909    0.0000   +2.6833    0.0000   +2.9665    0.0000
0.0675   +2.1818   +0.1474   +2.6738   +0.1807   +2.9567   +0.1998
0.1346   +2.1547   +0.2919   +2.6457   +0.3584   +2.9276   +0.3966
0.2015   +2.1104   +0.4312   +2.5995   +0.5311   +2.8798   +0.5884
0.2682   +2.0498   +0.5633   +2.5364   +0.6970   +2.8144   +0.7734
0.3345   +1.9743   +0.6863   +2.4575   +0.8542   +2.7325   +0.9498
0.4006   +1.8852   +0.7985   +2.3641   +1.0013   +2.6355   +1.1162
0.4665   +1.7843   +0.8985   +2.2579   +1.1370   +2.5248   +1.2714
0.5321   +1.6733   +0.9851   +2.1406   +1.2602   +2.4022   +1.4142
0.5974   +1.5543   +1.0575   +2.0140   +1.3703   +2.2694   +1.5441
0.6626   +1.4293   +1.1152   +1.8801   +1.4669   +2.1282   +1.6605
0.7275   +1.3003   +1.1578   +1.7406   +1.5497   +1.9804   +1.7633
0.7921   +1.1696   +1.1854   +1.5974   +1.6191   +1.8278   +1.8526
0.8566   +1.0390   +1.1986   +1.4524   +1.6754   +1.6721   +1.9288
0.9208   +0.9107   +1.1981   +1.3071   +1.7194   +1.5147   +1.9926
0.9849   +0.7865   +1.1851   +1.1630   +1.7523   +1.3571   +2.0448
1.0487   +0.6681   +1.1612   +1.0214   +1.7753   +1.2005   +2.0865
1.1123   +0.5569   +1.1284   +0.8833   +1.7898   +1.0458   +2.1189
1.1758   +0.4541   +1.0891   +0.7494   +1.7974   +0.8936   +2.1433
1.2391   +0.3604   +1.0461   +0.6200   +1.8000   +0.7444   +2.1611
1.3022   +0.2761   +1.0028   +0.4953   +1.7990   +0.5983   +2.1734
1.3651   +0.2009   +0.9626   +0.3748   +1.7962   +0.4552   +2.1817
1.4278   +0.1337   +0.9291   +0.2581   +1.7929   +0.3148   +2.1868
1.4904   +0.0729   +0.9058   +0.1442   +1.7902   +0.1763   +2.1897
1.5529   +0.0160   +0.8950   +0.0320   +1.7889   +0.0392   +2.1908
1.6152   -0.0399   +0.8979   -0.0795   +1.7893   -0.0973   +2.1905
1.6774   -0.0978   +0.9142   -0.1916   +1.7912   -0.2341   +2.1887
1.7394   -0.1603   +0.9418   -0.3054   +1.7943   -0.3719   +2.1850
1.8013   -0.2294   +0.9778   -0.4218   +1.7975   -0.5113   +2.1788
1.8630   -0.3065   +1.0188   -0.5415   +1.7997   -0.6527   +2.1693
1.9247   -0.3921   +1.0614   -0.6648   +1.7996   -0.7964   +2.1555
1.9862   -0.4862   +1.1023   -0.7921   +1.7956   -0.9423   +2.1363
2.0477   -0.5883   +1.1387   -0.9229   +1.7863   -1.0903   +2.1104
2.1090   -0.6974   +1.1682   -1.0569   +1.7703   -1.2399   +2.0769
2.1702   -0.8123   +1.1888   -1.1932   +1.7463   -1.3903   +2.0347
2.2314   -0.9317   +1.1991   -1.3310   +1.7130   -1.5408   +1.9829
2.2924   -1.0540   +1.1978   -1.4691   +1.6695   -1.6902   +1.9207
2.3534   -1.1776   +1.1841   -1.6063   +1.6152   -1.8373   +1.8475
2.4143   -1.3007   +1.1576   -1.7410   +1.5495   -1.9809   +1.7630
2.4752   -1.4217   +1.1181   -1.8719   +1.4722   -2.1196   +1.6670
2.5360   -1.5389   +1.0656   -1.9976   +1.3832   -2.2521   +1.5594
2.5967   -1.6506   +1.0005   -2.1165   +1.2829   -2.3769   +1.4407
2.6573   -1.7552   +0.9233   -2.2272   +1.1716   -2.4927   +1.3112
2.7180   -1.8513   +0.8348   -2.3285   +1.0499   -2.5983   +1.1716
2.7786   -1.9375   +0.7360   -2.4189   +0.9189   -2.6925   +1.0228
2.8391   -2.0126   +0.6280   -2.4975   +0.7793   -2.7741   +0.8657
2.8996   -2.0756   +0.5122   -2.5633   +0.6326   -2.8423   +0.7014
2.9602   -2.1255   +0.3899   -2.6153   +0.4798   -2.8961   +0.5313
3.0206   -2.1617   +0.2627   -2.6529   +0.3224   -2.9350   +0.3567
3.0811   -2.1836   +0.1322   -2.6757   +0.1620   -2.9586   +0.1791
3.1416   -2.1909    0.0000   -2.6833    0.0000   -2.9665    0.0000
3.2021   -2.1836   -0.1322   -2.6757   -0.1620   -2.9586   -0.1791
3.2625   -2.1617   -0.2627   -2.6529   -0.3224   -2.9350   -0.3567
3.3230   -2.1255   -0.3899   -2.6153   -0.4798   -2.8961   -0.5313
3.3835   -2.0756   -0.5122   -2.5633   -0.6326   -2.8423   -0.7014
3.4441   -2.0126   -0.6280   -2.4975   -0.7793   -2.7741   -0.8657
3.5046   -1.9375   -0.7360   -2.4189   -0.9189   -2.6925   -1.0228
3.5652   -1.8513   -0.8348   -2.3285   -1.0499   -2.5983   -1.1716
3.6258   -1.7552   -0.9233   -2.2272   -1.1716   -2.4927   -1.3112
3.6865   -1.6506   -1.0005   -2.1165   -1.2829   -2.3769   -1.4407
3.7472   -1.5389   -1.0656   -1.9976   -1.3832   -2.2521   -1.5594
3.8080   -1.4217   -1.1181   -1.8719   -1.4722   -2.1196   -1.6670
3.8689   -1.3007   -1.1576   -1.7410   -1.5495   -1.9809   -1.7630
3.9298   -1.1776   -1.1841   -1.6063   -1.6152   -1.8373   -1.8475
3.9907   -1.0540   -1.1978   -1.4691   -1.6695   -1.6902   -1.9207
4.0518   -0.9317   -1.1991   -1.3310   -1.7130   -1.5408   -1.9829
4.1130   -0.8123   -1.1888   -1.1932   -1.7463   -1.3903   -2.0347
4.1742   -0.6974   -1.1682   -1.0569   -1.7703   -1.2399   -2.0769
4.2355   -0.5883   -1.1387   -0.9229   -1.7863   -1.0903   -2.1104
4.2970   -0.4862   -1.1023   -0.7921   -1.7956   -0.9423   -2.1363
4.3585   -0.3921   -1.0614   -0.6648   -1.7996   -0.7964   -2.1555
4.4201   -0.3065   -1.0188   -0.5415   -1.7997   -0.6527   -2.1693
4.4819   -0.2294   -0.9778   -0.4218   -1.7975   -0.5113   -2.1788
4.5438   -0.1603   -0.9418   -0.3054   -1.7943   -0.3719   -2.1850
4.6058   -0.0978   -0.9142   -0.1916   -1.7912   -0.2341   -2.1887
4.6680   -0.0399   -0.8979   -0.0795   -1.7893   -0.0973   -2.1905
4.7303   +0.0160   -0.8950   +0.0320   -1.7889   +0.0392   -2.1908
4.7927   +0.0729   -0.9058   +0.1442   -1.7902   +0.1763   -2.1897
4.8553   +0.1337   -0.9291   +0.2581   -1.7929   +0.3148   -2.1868
4.9181   +0.2009   -0.9626   +0.3748   -1.7962   +0.4552   -2.1817
4.9810   +0.2761   -1.0028   +0.4953   -1.7990   +0.5983   -2.1734
5.0441   +0.3604   -1.0461   +0.6200   -1.8000   +0.7444   -2.1611
5.1074   +0.4541   -1.0891   +0.7494   -1.7974   +0.8936   -2.1433
5.1708   +0.5569   -1.1284   +0.8833   -1.7898   +1.0458   -2.1189
5.2345   +0.6681   -1.1612   +1.0214   -1.7753   +1.2005   -2.0865
5.2983   +0.7865   -1.1851   +1.1630   -1.7523   +1.3571   -2.0448
5.3624   +0.9107   -1.1981   +1.3071   -1.7194   +1.5147   -1.9926
5.4266   +1.0390   -1.1986   +1.4524   -1.6754   +1.6721   -1.9288
5.4911   +1.1696   -1.1854   +1.5974   -1.6191   +1.8278   -1.8526
5.5557   +1.3003   -1.1578   +1.7406   -1.5497   +1.9804   -1.7633
5.6206   +1.4293   -1.1152   +1.8801   -1.4669   +2.1282   -1.6605
5.6857   +1.5543   -1.0575   +2.0140   -1.3703   +2.2694   -1.5441
5.7511   +1.6733   -0.9851   +2.1406   -1.2602   +2.4022   -1.4142
5.8167   +1.7843   -0.8985   +2.2579   -1.1370   +2.5248   -1.2714
5.8825   +1.8852   -0.7985   +2.3641   -1.0013   +2.6355   -1.1162
5.9487   +1.9743   -0.6863   +2.4575   -0.8542   +2.7325   -0.9498
6.0150   +2.0498   -0.5633   +2.5364   -0.6970   +2.8144   -0.7734
6.0816   +2.1104   -0.4312   +2.5995   -0.5311   +2.8798   -0.5884
6.1485   +2.1547   -0.2919   +2.6457   -0.3584   +2.9276   -0.3966
6.2157   +2.1818   -0.1474   +2.6738   -0.1807   +2.9567   -0.1998
6.2832   +2.1909    0.0000   +2.6833    0.0000   +2.9665    0.0000
